40096 37529 39055 41975
37546 37529 39055 40096
39055 37529 41975 40096
37546 39055 41975 40096
39055 37546 40096 41975
37546 37529 40096 41975
37529 37546 39055 40096
39055 40096 37546 41975
37546 37529 39055 41975
37529 37546 39055 41975
37529 40096 41975 37546
37529 39055 41975 40096
37546 39055 37529 41975
39055 37529 37546 40096
37546 40096 39055 41975
40096 41975 39055 37546
40096 37529 41975 37546
39055 37529 40096 37546
39055 37546 41975 37529
37529 41975 39055 37546
39055 41975 40096 37529
39055 37546 41975 40096
39055 37546 40096 37529
40096 37546 37529 41975
40096 37529 39055 37546
39055 41975 37529 40096
37529 37546 40096 39055
37529 39055 37546 40096
41975 37546 40096 39055
37546 40096 37529 39055
40096 41975 39055 37529
37529 41975 37546 39055
41975 37546 40096 37529
37529 40096 41975 39055
41975 40096 39055 37529
39055 41975 37529 37546
37529 41975 40096 37546
40096 41975 37546 39055
40096 37546 37529 39055
40096 41975 37529 39055
39055 37546 37529 40096
37546 37529 40096 39055
37546 37529 41975 39055
40096 41975 37546 37529
40096 37529 37546 39055
41975 37529 40096 37546
41975 39055 40096 37546
41975 40096 37546 39055
41975 39055 37546 40096
41975 39055 37546 37529
