37108 40546 39781 39426
43006 40546 39426 39781
40141 37108 37790 39426
40141 37108 40546 39781
40546 43006 35698 37790
35698 40546 40141 39781
35698 43006 40546 39426
35698 39426 37790 43006
35698 43006 40546 2320
39781 37107 39426 35698
37108 35698 40141 37790
37108 40546 2320 39781
40141 35698 2320 39781
37108 2320 37107 37790
35698 2320 37107 37790
37107 2320 43006 39781
43006 37107 35698 37108
2320 37107 35698 37108
37108 2320 40141 37790
40546 37108 37790 35698
39426 40546 2320 43006
2320 39781 40546 43006
37107 39781 39426 35698
43006 39781 37107 37790
37107 37790 40546 39781
40141 37790 37108 39781
40141 39426 2320 43006
2320 40546 39426 43006
39781 37790 40546 2320
37108 40141 39781 2320
37790 39781 40546 37108
2320 37790 37107 37108
37108 37790 39781 2320
40546 39426 43006 37790
37108 40546 35698 43006
37108 40141 40546 37107
37107 39426 40141 43006
2320 40546 37790 35698
39781 35698 39426 2320
37108 37107 39781 40546
43006 2320 37790 37108
2320 39426 37108 39781
40141 35698 37790 37108
43006 35698 2320 37108
39781 40141 2320 37107
39426 37108 37790 2320
40546 35698 37108 37790
40546 40141 39426 2320
40141 40546 39426 2320
2320 40546 37108 39781
37108 39781 39426 35698
39426 37108 43006 37107
2320 43006 39781 35698
37107 40546 39426 37790
2320 40141 43006 39426
2320 35698 39426 43006
37107 39781 40141 43006
37107 39781 37790 37108
39426 40141 43006 35698
37108 43006 39426 35698
35698 40141 37107 39781
35698 39426 37790 2320
37790 37108 37107 43006
35698 43006 37108 40141
35698 39426 43006 37107
39426 40546 2320 37107
37107 40141 39426 35698
37108 39781 2320 40141
39781 43006 40141 40546
43006 37790 40141 2320
40141 43006 37108 37790
39781 40141 40546 43006
39426 37790 37108 40546
40546 37790 39426 43006
37790 39781 2320 40546
37107 40546 2320 37790
39426 37790 43006 37107
39781 37790 43006 37107
39426 40141 39781 35698
37790 39426 40141 40546
39426 2320 43006 35698
2320 39781 43006 37107
43006 40546 37107 39426
39426 43006 37108 37790
2320 39781 43006 40546
43006 2320 37107 39426
35698 37790 43006 40546
37107 37790 43006 40546
2320 43006 37107 39426
37107 2320 37790 40546
40546 37108 37790 40141
43006 39426 39781 40546
40546 39426 2320 40141
2320 39426 43006 40141
35698 37107 39426 40141
43006 2320 35698 40546
37108 39426 39781 40141
40546 39426 37108 40141
43006 35698 40546 40141
2320 37790 39426 40141
